30
385
982
469
17
27
776
861
152
223
989
2
314
847
104
459
466
54
161
361
684
868
265
517
85
707
918
760
30
725
887
294
734
195
155
223
332
800
40
539
474
86
56
546
681
583
675
690
330
159
154
239
788
230
118
10
632
698
359
804
968
828
375
75
275
353
369
259
869
677
668
96
767
770
65
795
30
93
251
922
409
660
332
475
260
515
454
452
26
982
428
43
184
880
595
593
997
768
668
881
262
53
415
754
401
707
349
422
214
806
447
125
83
228
841
644
302
244
62
851
46
297
163
556
336
709
213
905
12
353
91
614
708
456
217
494
374
202
522
897
920
943
574
753
529
692
327
375
363
360
768
127
708
890
728
415
747
596
803
94
122
165
657
15
151
781
85
493
508
233
82
975
306
740
520
646
790
271
401
539
637
613
953
632
412
487
711
373
491
281
720
291
189
697
367
793
170
749
634
257
263
783
514
432
417
298
812
391
752
106
507
136
771
94
801
532
703
233
423
785
581
383
319
141
415
115
740
135
764
907
28
346
92
413
40
634
740
491
423
30
901
775
875
929
330
985
386
302
151
9
780
745
284
674
857
936
998
399
392
903
412
2
11
906
279
394
496
8
829
768
484
962
509
741
593
338
429
914
7
998
229
695
864
343
581
907
548
37
549
108
54
301
897
953
799
775
865
0
200
480
785
368
439
953
935
88
334
239
14
976
870
915
264
84
958
588
854
381
330
581
241
908
92
172
478
889
879
39
890
357
920
584
1
111
147
745
378
52
581
675
669
197
849
54
136
363
770
735
461
461
406
314
819
199
3
424
176
554
1
477
901
920
617
716
420
248
979
248
123
615
345
20
474
668
516
280
678
94
892
462
921
932
910
170
640
714
847
870
101
864
142
377
922
78
808
580
714
596
186
992
988
425
439
323
431
934
379
493
500
463
829
9
316
237
453
268
345
418
567
647
839
456
988
458
881
173
799
268
727
302
992
404
55
737
802
964
797
384
25
997
136
545
952
360
427
956
551
498
922
331
650
460
563
739
253
413
364
486
943
686
285
632
651
863
197
680
546
427
466
480
147
962
820
366
390
721
537
908
618
4
831
702
116
439
972
433
265
555
40
827
794
871
152
609
214
187
498
420
755
670
145
244
793
651
841
715
920
670
864
5
602
337
807
86
159
794
73
45
592
898
613
110
255
161
761
794
376
790
280
676
217
789
451
279
507
889
755
218
975
658
369
377
124
595
162
662
76
367
920
655
334
201
730
318
669
726
515
724
868
901
961
103
441
633
252
855
929
38
101
670
464
423
253
381
891
670
389
803
786
472
262
274
280
444
621
916
312
453
901
779
51
3
648
701
181
10
154
836
606
444
602
691
547
585
910
204
315
773
674
605
483
9
592
737
648
784
339
225
762
259
178
870
410
837
306
663
493
461
176
432
448
103
838
685
159
973
438
203
617
576
882
556
50
541
58
201
834
950
659
865
994
165
273
970
796
333
25
192
363
145
70
868
872
421
25
32
105
434
235
915
336
128
450
965
355
128
267
719
652
255
617
274
866
252
777
10
106
572
632
131
764
198
399
101
388
179
198
972
890
464
347
956
798
550
483
64
726
77
913
130
190
901
187
982
270
619
272
845
243
614
827
209
287
507
645
273
168
727
1
205
210
897
542
892
786
705
156
394
742
71
266
202
932
825
971
742
552
326
600
141
420
693
373
970
669
476
245
89
771
889
751
200
259
622
902
635
906
177
864
495
490
996
788
740
283
571
606
859
644
446
33
95
619
365
983
151
140
617
839
801
136
649
810
429
209
698
334
394
420
666
535
135
421
252
560
436
561
234
311
629
552
167
799
258
548
327
213
210
199
955
28
966
122
989
320
883
391
321
874
954
644
855
12
134
485
108
245
9
265
424
159
225
551
2
282
452
501
177
563
81
690
170
275
358
178
255
402
163
438
84
673
283
74
722
431
203
828
342
140
684
570
219
325
371
275
75
587
292
363
90
657
328
26
724
937
624
901
924
372
512
14
224
720
72
124
859
968
404
634
763
626
825
113
741
988
400
815
985
748
314
281
229
593
60
696
731
323
876
188
45
694
27
341
292
600
144
538
136
985
335
879
405
938
913
273
322
550
65
315
608
156
363
881
966
380
264
960
327
683
831
66
741
620
675
736
1
838
626
524
461
30
63
179
392
502
999
269
728
287
800
895
204
66
436
738
822
969
928
791
684
114
878
591
741
645
98
670
188
91
332
891
273
104
205
975
615
591
291
304
748
