8644
2883
5481
6138
8230
1924
1864
7970
351
2347
3222
9685
1651
6931
5078
5818
2473
8512
4194
6585
7643
1559
8036
9537
2911
2926
6116
3669
3662
101
4787
8652
8758
5729
2128
2842
6643
4804
904
2181
1761
9136
5548
6924
1357
4073
484
6578
6071
2226
8509
4898
4204
4471
9807
1990
6233
3443
1772
8610
3118
6513
9179
9123
6583
8412
5323
8428
3031
3543
2617
2058
4037
4149
3148
8776
7862
5165
4454
5613
3345
5848
5590
830
4000
6258
370
2613
7634
5931
157
642
8547
997
2452
9431
6782
1795
8897
9522
5617
7200
7157
3410
4028
5776
409
3216
9155
8967
4371
6940
8926
9931
2464
7593
1586
8042
3351
1675
566
5764
351
1925
1126
5998
8145
6318
4024
7630
3681
7050
7872
866
7751
1489
5117
6626
1217
405
7453
9311
6403
9867
4467
6625
9960
1086
9033
8725
4065
2029
1898
1528
636
6214
2678
4822
5966
5052
9368
530
1636
5555
4627
9675
1878
2181
6946
9654
9534
8116
4032
7216
3208
6826
8890
9942
4353
1786
7760
3400
6850
5416
6259
2257
7056
1849
1737
9827
4361
3580
365
2233
9323
9214
6607
124
1345
2267
4104
9726
5856
7930
5507
281
5147
9810
1090
253
9966
7936
5774
6867
8831
5660
2025
7693
5298
5035
8957
1472
7662
5693
1655
6346
5841
4503
1229
1215
1125
7172
9633
7381
903
3918
4554
2874
162
6921
2967
6038
3938
1647
609
2989
7444
518
4355
3024
468
6021
7606
5374
8512
3987
6757
2214
1807
5637
9603
4905
7029
7266
490
1193
5604
8881
6303
1211
9824
5718
1909
1253
8427
9532
3431
8028
7460
4298
9181
2519
8972
7643
9589
375
3044
7520
1658
6859
8178
4559
709
9272
5046
7989
8411
3997
6163
7538
9244
8169
5052
2391
735
8329
3427
8162
7752
9772
3533
5534
6731
7589
7667
3826
6568
3803
4439
3515
6585
9735
2064
3707
1918
766
498
9786
6305
5886
451
7683
2108
7072
5216
9498
6239
2972
8411
569
1335
6363
5112
9852
5056
4545
6123
7293
8884
5528
2985
2895
8358
8625
6417
4613
9596
9724
1812
2860
6733
6124
3451
7355
9611
2888
1473
5492
913
8927
4644
6579
2676
3438
6832
1551
4843
8307
2893
432
573
8844
9057
7363
1893
8176
7160
9629
3254
6610
5914
3246
1281
5430
9061
7801
6274
7707
7850
4140
3439
1862
6290
5218
7757
7692
8051
6433
3933
909
8129
4951
3127
7579
298
3866
8805
3660
8825
895
3327
2725
9733
353
7362
5646
348
4123
313
7661
2447
2359
8465
6603
3991
4512
2801
5210
8018
9400
866
4464
9881
947
4443
7409
905
9888
4436
4706
4383
6792
1736
4278
8712
8249
5990
2970
8749
390
2252
7620
7824
1969
8148
9287
2888
1707
294
3730
6429
8349
9516
5403
4726
22
7427
7
3411
179
4309
2516
9726
7650
9831
3517
950
1267
3001
8253
6943
5408
9945
1194
9080
3921
9555
7298
5504
5825
473
7476
8575
346
6650
5057
1595
9760
4104
4191
6918
2949
4414
8139
9934
9920
967
2464
3399
1552
2556
9878
492
2193
3773
7530
6577
3992
2474
1351
9776
1790
1020
9857
3775
4919
175
6650
2138
1604
284
817
3412
6286
7245
7669
1501
9176
6876
129
6374
7805
35
8116
6527
6058
6802
4117
7989
5236
4381
1972
9216
121
8641
644
1503
9041
1341
6754
3100
9157
4256
9217
4947
1081
5457
8610
5619
3980
9342
3772
6503
1610
5423
1646
6687
3663
3382
4884
3525
5353
8138
2474
2717
8100
4280
4330
2033
8395
2496
4474
3933
6449
8168
1885
5979
1128
3724
536
2752
1428
7545
9915
6694
218
2384
6654
9201
8288
8756
2218
201
2829
7153
239
2917
9788
8952
1255
8272
2824
3169
7606
6333
8013
9829
7139
9707
2528
5910
559
1688
7509
6217
3303
5783
5934
20
4577
6705
1695
7055
5537
5644
8063
9620
4453
9928
3751
9829
6238
7289
1056
7333
8986
3892
4234
9813
2198
2536
3372
6561
2952
6387
2224
8497
130
2083
5671
3129
4294
2094
5109
4062
5958
6926
8917
2895
8344
7105
6308
547
3078
7974
2386
7015
3566
7472
4213
4004
5374
6291
9509
8714
5245
7324
962
3936
6325
2276
4758
7712
5420
570
4439
5871
6536
6806
9206
8155
424
2624
6492
3396
4568
6799
2820
2026
7340
3277
3563
8904
3599
4312
8424
8214
6725
9277
9645
4394
7716
9690
9313
5904
2139
1280
8812
5368
5473
3302
3653
3084
4244
8096
922
3720
5251
8454
2846
5568
2864
2320
9493
9949
2742
1830
5903
502
8148
3244
6231
813
9533
881
3501
9830
124
6424
6103
2129
1123
4707
2201
2636
3353
83
1612
7654
5156
2979
2571
9630
4802
5771
7014
8386
7668
4111
9858
2247
330
2477
4288
6866
5767
438
5048
5190
9621
9683
8020
5975
5794
3276
6315
5492
2079
4209
2139
2366
100
1962
3109
7573
3972
4226
368
3619
9881
1999
2029
7974
6982
9087
7211
5104
1104
8276
3363
7597
3520
4544
9883
4146
712
5674
5043
7495
6118
672
1287
69
9720
8317
1405
8715
516
3983
9331
7119
6163
7160
7541
5488
4725
1182
1495
5900
2946
3637
7418
8674
8399
6318
4752
3958
7865
414
5879
7590
9791
4865
8834
8413
9398
5804
6919
9380
9670
6222
3495
2639
4853
3351
6970
1717
4957
7261
686
5735
6393
8150
1924
3908
9240
2448
1752
1880
2123
5405
661
6884
7193
3295
2640
1949
3104
208
1431
5650
380
3482
4306
4618
6599
2110
6351
2426
813
4784
3926
5795
7482
7007
4230
5941
1474
3657
1348
2835
8963
9635
7405
2794
6633
8922
3784
6965
7510
9137
6132
6084
9093
7011
7975
4897
777
7453
8302
2790
3995
8098
7646
7327
170
3109
1396
8871
3168
8903
2655
1598
9723
1664
5706
2976
3180
659
7980
4339
6979
8167
9203
9942
3507
7972
681
4971
5926
4422
9918
3990
3427
3552
7894
3521
7559
4559
5208
3835
5439
5569
6511
3534
8057
4794
5852
919
5339
5050
3907
9295
8865
4307
9818
8289
2795
3321
4181
690
1671
7950
8902
2923
9986
5960
7933
8782
9182
6453
5070
2733
1410
9038
7415
6014
450
934
9895
7593
2663
4020
5761
424
8548
1820
413
8014
8531
4431
8855
6159
3415
8238
3572
2604
2980
4911
7565
5990
9815
9409
9671
6470
1987
5646
9236
7892
7826
2766
1352
9391
2852
5489
5840
4377
8862
9950
2734
1611
4899
8412
4383
1408
4232
887
9395
4946
4904
2895
7667
412
2346
2033
2164
1678
2135
9306
5475
6697
4251
2092
3946
6972
7108
7941
4358
6198
4118
2290
6495
8446
3532
7963
3076
6692
3880
3138
5189
9362
5347
7133
8710
5069
5388
2336
497
3410
1961
7839
8675
2986
5214
8535
6185
1730
1627
8363
4657
6740
7067
1774
4823
3201
2268
1497
3969
5725
5185
3577
3978
6171
6923
4105
3395
7167
7260
1211
627
7298
2428
9037
4226
2325
6876
2632
8517
7416
8456
9142
3709
1572
411
2847
5833
9195
8321
2120
5222
2220
7214
5135
8505
2161
5661
8008
6771
9695
1312
6704
6004
2847
8260
3948
8761
9585
7784
5583
8264
2736
5610
8682
2078
9052
6912
7849
8335
1683
7147
1748
7654
6559
5405
7738
2726
6299
5935
855
2496
551
4144
7527
9977
9843
5512
130
1892
4129
1309
7177
9754
8904
4121
9669
7451
5713
1553
9657
131
1252
3727
8575
6643
2485
826
1826
6198
4011
4166
458
1131
4136
8997
593
8586
713
2474
6673
2899
9387
8305
3645
5862
8572
5258
7746
7217
2642
234
8768
6308
2010
9683
6335
227
8172
450
7022
6830
4562
2567
4280
2239
8462
3259
1448
3373
2106
2710
3684
5080
9220
3375
6932
4640
6798
5939
1374
6595
1830
1087
8334
2383
6689
5803
3136
9641
8538
2459
6063
9412
511
1493
8928
1790
8815
7657
6182
6573
7158
7306
7715
7538
7062
2122
168
7008
5431
6553
9782
1291
92
7234
2294
9262
9048
8774
978
8260
3106
4703
2131
7714
1784
3147
2561
3054
7675
4897
1587
3018
926
4667
5051
9292
8941
3968
1774
4233
8132
5540
9243
8918
67
7795
1510
2262
3430
6559
4297
3368
1786
6177
1961
8839
5734
2293
9763
47
3829
9485
9502
9938
8945
712
8449
7769
2737
1566
5240
8450
3743
7201
8186
7999
8655
8021
1124
8215
7528
9433
1408
7368
1759
507
3059
1167
8245
9006
8271
3011
9383
607
3260
7457
2685
5847
3526
4607
5118
2959
6130
3287
6351
3820
6501
1782
1711
9748
6753
4105
6198
5281
2463
9852
6933
3059
4050
7916
4798
1941
5140
1431
836
7466
6920
5833
9146
2353
8666
3799
3805
5482
4248
3471
8672
7463
5433
519
9782
3043
9809
6887
2747
8335
2467
3940
2647
8412
6908
4014
2045
7518
8911
1030
3346
3561
4176
4849
4134
3344
421
7695
1881
8574
4766
1695
492
7285
820
1366
3011
2572
4328
7364
7125
8325
6335
1443
185
4119
3072
3306
4146
9473
347
6640
1023
7037
1026
1698
9073
2815
1763
9067
1992
5883
3332
849
6298
8883
6718
4682
951
426
7438
2511
5023
9074
7232
3689
7717
1320
9139
3076
9510
1971
4946
1083
5291
4317
9925
5629
3448
6193
7511
6909
258
4616
572
6769
6057
7780
1771
414
9034
4258
3203
7643
5681
6882
4387
5939
8025
6957
2447
888
8817
1563
8931
4048
1132
6045
1961
4803
8316
6401
8039
5317
6579
5238
2236
5021
2765
6115
8871
824
6987
1110
2602
6998
9795
8536
5406
3317
6734
9246
1561
1787
6355
2054
3033
3870
6798
544
2803
4553
9049
6735
2647
3454
1567
4436
3585
2146
3714
9879
8147
3825
8091
3697
7700
2846
5317
9214
6535
7049
3084
5895
6609
5667
8502
8221
1514
1271
4908
3758
5058
4500
2631
2623
9123
4292
2349
7879
7993
2156
1011
7259
3401
79
7421
767
8109
5620
6661
8079
7069
3571
3457
7972
7471
4353
7735
9504
1362
5333
8598
7804
3530
2619
9260
3209
4226
2062
2754
4656
7511
5145
3054
2705
6831
1110
9071
3836
8548
2444
6032
6523
1180
2118
3272
5151
358
6999
4519
3204
2212
4418
5356
1621
3576
2930
8589
1391
8609
7033
6807
1511
6698
4723
356
8239
2118
4776
8781
433
2119
2119
1021
2794
7210
1144
2718
5549
7892
4378
613
3945
997
9592
4134
6501
1636
5886
9652
217
1844
986
2850
3671
8238
6290
8991
5396
8368
491
3992
3437
4890
2367
4760
3209
4024
9785
7026
8077
7809
4829
8102
3449
9534
3797
2216
9876
1585
9982
2535
4877
5930
3468
3374
3474
8534
4003
3644
4397
1281
1186
6491
9409
1043
6256
1487
3783
1090
818
4005
5499
2054
5563
143
1545
4482
72
6143
5558
4905
3644
5002
1199
5724
9905
1608
1425
4101
796
4958
5885
9356
6190
73
6002
332
9536
8678
2386
9366
1225
7725
1744
4381
443
693
5062
338
1592
3113
8534
2201
9267
7799
3630
8196
796
4043
242
5982
1480
4454
7159
3301
32
9762
3041
2804
9695
7303
6697
7812
2936
8519
7972
3057
9575
5569
2822
523
2852
1740
7554
3089
4994
777
2044
1031
7438
663
5977
8504
624
2657
8355
3136
6820
942
9884
5125
9266
3240
2394
7905
4066
8234
9205
835
6042
8412
6431
9612
9736
5505
6588
2645
9401
8001
890
9675
4158
5567
2275
6341
575
2187
5062
6514
3988
3244
6873
6409
1166
4663
6239
619
7451
7337
1375
8562
834
4294
2528
3996
7247
1030
1731
2235
43
3899
7384
6588
1125
1532
4446
7482
4484
4743
5275
3412
7682
7243
6679
2060
9334
4291
6542
1428
5360
2110
5982
2866
2904
4210
9009
5894
1178
967
815
9067
4150
5416
450
3848
8324
5704
5057
7042
9609
7099
2228
5118
1952
8274
1882
4559
5954
4206
4993
6145
5690
4325
9583
1783
9509
1800
5339
8486
1759
8679
4837
4631
5388
248
2035
8765
1860
988
5638
684
2293
2798
3343
8857
195
6009
8424
747
7430
6578
8187
819
9651
4261
6714
5893
8230
4637
4531
2289
4126
9947
1157
3835
8231
2216
9287
8011
846
3823
265
2221
4371
7281
3612
1160
7707
5636
3315
6405
8631
671
8454
6097
1017
278
2748
5868
1291
8486
8451
6709
8765
1058
9841
6162
3722
6932
1164
5921
9072
8779
9084
4482
4723
5575
1215
2458
7300
5350
394
3506
109
5655
7462
7047
5326
3103
7125
9133
4586
7299
2282
6497
1923
52
6507
8940
2304
7732
457
4987
2207
1492
2452
208
104
3870
3424
2184
6251
3664
6903
8112
8800
2139
5147
8136
1222
9917
6649
5882
9109
4660
9255
9057
14
3729
5306
4783
2777
785
1711
972
4428
6950
3743
8630
2333
6359
1517
8931
1190
9102
2403
882
1649
1364
7195
3426
8426
1093
6580
516
1486
4203
613
1169
4523
8050
1866
8829
6510
3679
8425
7921
8240
5755
8637
2301
5285
9717
1926
4233
816
715
3458
3607
2824
8379
5968
5249
7019
5209
6846
6185
7980
1427
3590
7521
8301
3086
4456
9039
1110
8534
1817
8173
984
7894
2444
5681
3441
5887
9541
3369
2561
2650
1909
4334
9214
7456
6244
1167
7523
7988
8105
7360
2237
8630
8782
892
4735
6642
714
7050
2196
1807
2497
7236
2388
7847
5136
3675
749
2194
1305
9289
147
7347
7866
9767
2006
9679
9379
6262
2781
1922
881
4454
1402
5804
4817
1522
8955
3848
128
5785
4959
542
2492
1277
6669
1233
6221
430
4365
689
2103
6936
6058
5305
9162
5392
1550
5680
488
3252
5356
9629
3565
6963
9061
6575
276
1767
180
9685
9585
9941
7668
4272
2893
6959
5685
6832
2622
220
6895
3002
7554
9025
7261
3137
1214
3271
2252
360
2186
531
6655
5641
8340
4095
6804
1639
552
9113
3207
4916
5032
5277
1961
5663
5171
131
2757
6563
2716
5400
3157
5966
1728
7373
9069
12
4854
1224
358
6950
4174
650
2071
6042
3324
8660
1166
795
4047
2829
1400
3357
1096
3757
4615
3851
8057
8914
2493
9326
2007
3940
5326
1443
3797
5956
7047
5604
3468
4203
8021
7693
1411
8934
6492
7624
8156
8822
3694
8318
8671
5751
8807
5219
667
9339
7476
2092
7882
1442
7580
648
8554
5401
7114
104
799
1731
503
8478
973
7678
7356
7123
2560
3805
9490
141
4280
4412
9199
3959
1591
8741
5972
5275
520
8269
4879
7045
6267
5841
8438
2647
4500
8734
3364
4882
1662
6115
4796
9718
4472
7516
6261
9342
8993
7889
8901
3796
8108
1484
7772
6686
7160
3989
4697
872
5138
6697
8316
4635
1729
7342
7973
4586
2758
2184
6731
8796
1184
2723
2865
3987
8331
4296
1858
9379
4812
7358
956
4420
8120
546
2160
8809
8286
4649
5683
9834
8812
6678
6133
1053
4058
8014
9710
9556
9388
8610
3035
2980
1171
5285
7999
2909
1625
900
6788
2058
1369
6598
6122
8349
3984
3298
499
7322
7069
2092
2084
7686
1863
3180
1747
777
4616
5606
3547
4935
7896
4428
1561
298
9002
7421
9144
4673
3982
2433
5713
3649
2171
488
5270
5019
1685
6719
4957
9892
2229
3989
2081
3996
8862
8309
2088
2485
7972
8524
8325
5567
2056
8531
783
6664
2160
1798
6346
7614
7199
9509
7703
6956
2004
4468
3851
6061
2299
8443
5309
2502
8515
6683
3632
6343
9559
6964
3050
9720
7458
2180
8280
2500
8238
6595
353
4538
6988
7411
6585
4738
3731
266
3310
6177
6198
4604
5222
6269
9914
3361
4684
9049
6572
7921
2874
7714
1442
2608
5816
930
6532
130
8359
9553
8355
8230
4367
9428
611
6033
7598
5200
4782
9569
5129
1669
9159
9996
7237
8403
4688
8910
9427
4925
6702
6943
395
3197
5828
9999
2963
6151
9292
6645
7039
5725
980
8247
3880
4674
8340
1770
4384
9910
1302
1839
2665
95
2076
2425
1586
2448
5505
5761
6108
3417
5742
6672
285
8535
374
1082
3759
2509
6907
1889
3429
3120
9974
5437
9511
8530
3926
5746
9756
597
8365
8778
8590
7035
4015
1779
9996
4760
6405
7499
6967
6596
6429
5016
8659
5381
5998
8128
8845
1172
384
4203
7915
9636
8981
5090
2633
3977
8303
8230
9662
7209
318
8586
2632
2476
3844
4722
9954
6834
1626
8275
7339
9770
7146
3542
8159
3820
3722
6865
9598
7862
1218
7821
3601
1105
3035
1999
7160
7465
5060
4458
9871
2991
5238
992
203
5873
8168
4462
3178
8798
7962
3860
8956
7311
3053
6115
2078
4061
4803
2777
3296
1640
151
6137
1204
1850
9226
416
986
4994
474
5559
8345
8182
2385
3809
5224
7845
2180
8250
8004
5500
6200
7428
7480
2729
5968
1461
3746
688
6169
456
5629
6094
2456
8906
2272
6942
4550
4316
8691
5759
8171
9189
9193
4232
4534
476
9965
3003
6549
374
2772
5960
3877
7206
6470
9601
1747
6342
1566
5590
3919
1145
6118
47
7725
1992
5393
5095
5955
5280
2957
513
9883
3826
2741
6347
7543
4838
5328
9410
9318
72
1415
6875
1402
4242
4836
1949
6732
6483
2007
7697
8578
9147
7438
3255
4014
5967
8302
8069
2117
3499
9499
4814
7616
3619
7112
3244
95
5523
7001
6861
6515
8131
1923
7103
9200
7221
5107
5279
8119
9725
3271
3597
759
9439
9220
3481
3946
5344
3301
3450
7089
6033
6432
2537
3431
8058
8918
8646
5574
5404
5540
4412
3606
1932
8500
7815
5511
1060
4229
2087
1346
368
2607
1011
2497
4202
4782
973
9179
2744
7282
4595
4725
8943
9293
9794
5416
6768
2385
8559
9974
5627
5695
586
6645
6197
4138
178
1942
1331
7766
6949
3664
1384
7259
6773
4442
1881
7505
437
7378
5887
1275
5563
4806
8134
3426
189
5245
1304
2806
9141
7235
2195
8143
5420
2931
4228
4044
7125
1477
5988
1916
3416
8005
3366
3568
9792
2519
2193
5133
9516
7546
218
1355
3078
6130
8002
3615
3514
2304
4887
3527
7847
1723
2966
1931
4151
7469
7364
7035
2601
1290
934
5206
9979
3286
5859
5993
2432
3419
6702
4968
2052
3350
8404
3445
482
5031
8714
3409
6626
5838
4097
4344
3536
5956
6078
7322
1303
3757
3761
1060
6545
9345
2030
4889
3555
8229
3793
7750
2588
8220
1929
1538
7412
2683
7384
5397
8513
2388
1413
4923
3469
8366
1040
4222
6837
4759
9660
2072
1403
2392
3170
8860
5652
9914
2888
4049
4382
7932
7783
1179
8616
8017
7378
1464
8149
8117
8882
966
9839
4761
7534
5531
9119
6694
5242
6571
1847
7125
6654
5972
1874
1912
9929
1061
7406
8674
8568
8112
2306
9966
468
7290
5506
3131
2825
3527
1969
9541
313
9235
463
3811
2481
9338
8749
3641
1253
6705
3763
9601
6759
2528
7573
2364
1776
4368
3342
9566
723
2664
9156
5024
6381
9004
9227
9974
1732
7666
6448
7026
8605
7833
6277
320
1611
8860
726
3432
5576
1133
3007
6145
1611
5553
5142
4627
8478
9909
1596
5500
3766
7994
2175
5802
5755
5688
5028
9906
5869
687
4539
7810
5305
5208
3016
830
4905
23
108
8101
5111
4253
8629
9264
785
6510
1472
7720
5048
5909
4102
8079
2653
3969
2351
654
9210
6949
1555
1883
6422
8939
3464
5813
7433
1873
6919
7735
4709
6186
5631
5429
5388
6753
2142
9023
385
1676
1098
7016
2973
7611
2143
1040
9253
4129
7693
111
518
3460
145
2622
7011
6892
1686
7318
8437
6993
495
3497
7618
6043
9626
1263
6411
2752
6406
3858
5725
9416
533
5293
2945
2529
3611
596
6900
7988
363
6291
2523
1119
6279
812
6952
3977
7912
6684
7590
218
6913
422
8881
8983
3429
2309
5918
9977
1098
9508
4982
4098
1041
4708
3602
5594
249
6224
6361
6846
6322
9739
3367
1466
1024
9976
2871
1227
7465
1607
6000
8210
7635
3006
6713
7309
5386
9994
5610
6720
227
1227
3527
9770
7597
3348
3541
6899
4116
6524
6022
6925
1810
2589
7030
8142
5783
6900
5082
9648
1762
9310
99
9584
7724
7537
4022
1874
4060
4728
5632
1041
6401
1608
213
3217
3802
8979
375
1750
2290
2252
8947
3503
3209
9635
9847
5034
5850
849
4713
3411
856
4222
3406
9749
9781
6553
3775
5650
1995
7812
3195
2574
5822
3065
881
2489
2170
3957
8181
9228
555
1040
8375
2370
9052
8347
2929
8907
7187
8957
9908
7676
869
7622
7864
2457
4973
5282
7697
4844
6224
888
8409
3206
4074
8184
2135
6464
1183
3396
949
6566
1300
3568
7939
849
7356
4912
4373
610
7088
7522
5391
5405
9637
9247
7293
2620
1570
329
2663
2707
9791
5174
4310
1457
3363
6157
6478
6125
9139
5758
3637
1915
4131
9081
6327
4212
7356
866
4859
3138
9302
9712
5425
4055
1164
3865
8041
5121
4456
6726
8466
6236
9407
3911
4988
824
8633
5937
5590
9094
5006
526
2968
9988
9862
9005
6314
8227
1795
4268
4729
254
42
4416
9470
7228
403
7929
4091
2292
4609
5002
8016
9107
5828
7075
2802
4477
2203
5603
1288
628
9811
2624
5328
5976
756
2003
6505
2562
7875
8405
2500
7290
1876
5842
4318
9325
226
3325
3933
1274
7988
170
54
6432
8498
2827
1412
8801
8485
3732
6241
644
4152
195
5283
6224
2743
2980
7246
2377
1930
6149
9689
1160
3504
110
5107
7479
3629
805
1925
6382
4834
7765
3070
5015
7934
714
3503
9320
5672
7346
6548
5235
8565
6293
586
5620
1165
1585
2683
7768
1748
5145
5702
9597
3898
5898
4393
5623
9351
1220
4304
545
1494
4241
7942
3411
9026
628
1015
1398
1170
8677
4297
239
1948
9930
9663
3874
2794
8622
8732
2577
9727
5715
1513
5273
1110
6220
9106
5915
5103
1742
7482
2334
2116
3361
2135
6413
5081
6375
6231
7077
2577
2833
1524
5443
6401
2011
8584
7480
9355
1437
7094
6717
6072
1129
2773
1173
2391
1009
5128
3518
6563
9857
9988
651
5418
6724
5592
7429
8958
8748
5366
4285
2529
9507
500
4550
8908
6596
4339
5377
5074
4644
1725
6521
3574
880
148
6239
8391
3731
3725
6382
2743
7545
8950
6592
554
3362
8301
876
17
5791
1881
2666
891
7699
5168
5609
5156
4851
9394
5170
9400
3971
1268
400
1324
3455
5244
8919
616
201
6030
8543
5139
7027
5897
2943
4114
4969
8713
7335
5438
9129
836
7295
2189
3317
8429
7386
9747
1697
5007
5310
2763
7032
1266
8539
6963
216
5499
2963
457
6556
751
2925
372
7621
6073
842
8536
5120
6376
9776
301
1543
1185
1740
5720
3073
6705
9091
6274
5999
7100
927
5725
3485
376
3919
5879
6830
5004
2191
4273
8877
1395
3493
3860
5905
2928
6087
4634
6769
9115
8786
8162
5643
4466
2317
2558
8184
4591
3505
5779
2038
7142
1628
7973
840
5168
6528
2112
151
7666
9126
6125
3943
3111
4451
8186
4053
4194
5185
8769
935
4331
8372
9532
100
3294
9341
7498
9654
3762
4010
8632
3743
7032
6026
9362
1649
4164
4761
8842
8329
9540
6108
2710
6624
6495
794
7125
3098
7001
9167
4444
5577
5169
2500
142
4367
5858
9477
1620
3070
450
1339
471
8299
4576
6334
5549
2021
4624
7764
3786
2295
2330
326
4213
3112
6195
6127
6754
4648
2928
8347
3680
9446
9520
7351
3156
4912
4370
1801
5434
7847
6274
4760
9501
2640
6949
8086
5505
4941
1946
6074
7292
8926
9083
2582
5546
2294
2165
3061
6637
3267
6353
6552
4111
9318
9898
1759
9119
3229
5102
3031
8345
3170
9385
8390
2963
9991
6739
2424
9244
9141
8462
9870
7507
492
1708
7261
7716
8580
9700
7425
5302
7410
531
4486
7495
1934
7443
1224
9025
5265
6156
6081
1903
1493
5448
3797
9062
2342
2606
6734
7534
9959
6060
566
8984
1455
8232
8175
5202
9305
70
2013
4317
637
2114
8075
5366
7894
7899
3811
1756
9695
2180
1806
8714
9987
2731
6875
8960
4221
1634
3598
901
3407
2998
6858
2232
611
6492
2152
5407
794
3151
2517
2038
5270
2918
4808
6668
8263
5747
9604
6028
961
1441
6106
9109
494
1626
3018
7738
8011
9217
2073
2559
3274
2318
8562
9416
186
8963
8874
4952
4713
9684
124
1062
8878
5336
6525
2523
7760
5554
8882
7389
161
3311
2688
4386
3392
1508
2140
1215
9819
6998
607
4053
9412
8276
1334
3848
2893
6597
806
7435
1510
2954
9404
4366
4695
8805
3635
4133
6566
9383
8809
1954
5741
6685
6295
512
1564
8955
1740
1703
3941
941
7529
7031
1994
1730
2846
6181
1577
9106
187
7804
6631
1975
9444
6864
9839
563
18
3370
5575
8192
4891
1574
7133
8078
141
1350
8192
9584
5060
9721
6026
8443
7460
853
1276
6062
8044
9815
6322
9163
9088
5747
4118
5129
2310
1189
7514
8059
5567
1097
221
3453
6840
978
9948
6749
9628
2423
2439
4887
5144
2988
2116
4207
7322
542
5222
1140
9679
258
7026
1186
8084
7653
830
4720
8534
2489
8413
1200
2582
8070
4467
8935
8870
3009
8192
8772
6046
4626
7562
0
6118
847
7033
6108
6993
5501
4007
2171
4106
1721
3899
9974
8155
6778
5310
2596
1143
7671
7619
5436
4617
3907
8407
119
8058
1765
6442
4800
7532
1295
4545
5356
6911
6994
2943
2113
9925
17
4563
606
2847
9510
2134
5111
7312
582
7273
4698
6303
8410
6752
7399
7097
954
9784
9423
2248
9389
5853
7104
9150
3957
2558
433
8489
7415
8671
9519
9113
4138
421
2786
3204
5210
9451
3485
4683
3192
8152
473
7660
1207
7693
6098
9748
6029
7514
3169
8544
4281
3441
4616
2935
3324
7730
6938
6336
2822
1434
1013
8439
2193
7742
1859
4802
9655
6248
7404
6127
6972
6787
3036
4496
1012
4707
5755
5302
8325
4469
2420
138
25
6989
3925
1274
9537
8055
7881
8713
7355
8716
1585
751
3417
7770
2808
3021
6469
1409
1282
8590
4805
6332
8768
4201
337
2542
9790
2791
4873
8581
3376
4792
9613
6625
8563
3822
8392
6478
7113
2026
1711
7249
6801
5012
568
5222
755
3261
19
3888
7465
7437
5300
3642
7355
3850
7943
2276
530
3428
637
7974
9400
6884
7891
418
1184
2198
8185
6378
3295
2781
6760
8750
7062
4719
7148
9692
9726
8509
1180
7991
759
7014
23
500
1819
6359
7482
1214
7822
3498
8309
5817
1227
4307
8201
163
5175
453
6323
2017
1480
1792
5614
6700
9040
5492
3577
6229
9359
2148
8059
3240
1181
2245
6916
9711
8157
4414
2654
1922
4381
1348
8158
2316
8201
6642
9643
2058
5867
4428
282
3835
6513
9884
1422
2097
606
9266
1870
9774
9328
5198
5095
7683
1650
609
422
5675
8155
1203
2746
2054
9841
4691
9350
179
5414
7895
3180
590
7158
7658
5059
6059
4321
6346
4794
6903
1258
9096
4818
9965
8693
4638
4262
1947
304
633
1133
2136
8187
3471
8038
9086
8924
3435
1482
898
8858
1119
4165
2882
4175
7388
1607
3406
8482
4304
6830
2662
904
8400
5659
955
3477
3749
8836
7988
5793
5149
982
3395
4958
6055
3688
4003
3317
5392
7089
7871
6183
6209
2113
7459
1942
8583
8622
3575
8875
628
1434
8184
7358
1997
9477
6062
9739
1488
1356
1911
8991
7061
8549
1190
6998
2888
6992
7773
572
342
2812
3840
5477
8084
3019
4676
8647
3369
3174
483
4331
6168
4598
7785
283
6765
4389
2652
5274
3421
9064
8390
4662
8930
6276
4387
5016
6206
7479
4733
7179
5615
4924
272
3730
6819
742
2332
1132
9926
9071
3263
7455
3832
1166
7107
7917
6996
951
593
7156
1938
9803
8131
6414
7798
9132
728
2490
647
5821
7876
692
571
2713
9639
1327
5453
7634
9118
7774
4019
8019
4276
2326
6271
9862
297
9121
3246
6507
4149
8109
8860
495
3574
2822
113
3481
5305
9535
4194
8509
398
1313
8604
7819
7095
6965
4564
4136
7156
5714
9600
2058
1523
5648
8729
5964
9435
6878
2356
2766
5439
6592
8458
5280
7626
288
2453
3510
2702
6201
1172
7542
8902
5581
5989
1027
7156
4717
5050
5568
2671
826
9938
3397
6858
2217
5925
9691
5826
5783
442
6064
3322
5665
2201
7272
5994
6076
3719
8043
77
6049
6719
5019
594
1102
8656
223
2672
6799
1663
2750
3142
4452
1175
5946
1867
5822
9120
8063
384
221
9785
7872
4015
5280
5051
9028
5082
7709
1668
3918
9227
2898
5043
1463
1423
4310
820
8301
2033
7865
8710
4282
152
866
7415
5198
2194
6789
934
3242
5870
1502
3739
485
6770
9755
5758
129
8350
5519
7082
7289
9871
6202
8028
4712
5006
6315
7219
1900
7232
7092
9958
3735
5741
3826
3155
7890
9673
269
1537
9452
5824
8686
6476
1885
6040
5078
7894
1377
1670
7942
8068
8329
4654
2137
9600
2469
1090
6712
1704
353
6614
8293
8769
4122
2496
1370
3862
2163
6238
2091
4742
7732
5477
1489
7004
4122
6122
3978
4023
4430
5758
9060
6972
2089
755
6179
6958
9824
5654
212
5625
631
7851
3415
6933
3594
8207
4608
1620
8970
7453
6471
4716
6785
8225
9776
2514
2667
5695
5204
703
4005
8187
5557
8124
3120
6525
7960
8680
2734
6344
2506
2313
5023
4465
1907
9773
5640
7177
6408
2399
682
9135
2145
3983
953
488
7841
4270
4370
3589
6201
6637
1415
8797
5451
1708
8533
4059
6908
9984
1181
1672
5127
8339
1569
6251
5382
629
916
7789
9714
3690
6291
2250
4387
9795
5882
384
9080
718
4314
6732
1770
3667
1882
133
7152
4531
7885
8643
7385
8754
980
5735
7252
8308
1533
9512
8676
6952
3323
3786
1067
3179
4546
4625
1196
424
3311
8137
7849
9286
6950
1445
706
3176
9977
1740
2284
3463
4365
8677
7202
5630
9406
5741
2714
5037
4131
5204
7763
2042
3345
596
3174
7689
8246
2585
4901
2669
8272
5969
9203
3410
2822
4249
4856
9297
6974
8239
6388
9467
4142
3424
1804
515
3132
9445
3324
1377
9062
6728
4615
1436
1652
273
1797
2168
2913
2272
8410
4727
1282
5703
5926
7830
7950
3731
9129
2057
4037
2988
5747
2659
5972
4284
70
6109
509
6767
4141
7364
4537
8468
1373
5189
680
2312
5657
7251
4399
6941
4516
6286
5849
2596
4859
2193
5463
9731
7945
644
3408
3876
2050
8158
7149
5936
2811
2138
6900
588
9266
5231
6899
969
5979
7551
4776
8186
6624
6597
2118
3156
968
9861
6700
2514
464
132
89
5794
8219
2741
8661
6006
6312
7623
9205
5708
6104
9885
4196
347
6258
4806
3972
4654
4588
736
6587
3470
48
5973
8179
3324
6828
6340
8882
348
9382
4425
2087
6036
4863
1356
5424
7799
9731
8437
5552
767
5327
2774
7258
1731
4888
6555
4124
5132
7195
2640
2047
9895
3738
7877
2603
9605
4957
2569
1809
8988
5099
5417
4479
6737
4072
91
1598
1122
2413
930
7496
4927
5775
6552
2392
234
7330
8372
9655
157
6587
9291
3306
5996
7957
1724
4821
735
3028
5593
4254
1417
2662
1723
737
86
1492
6938
2127
9130
6650
4232
6419
7967
5972
1119
2002
230
7038
1940
612
1443
4339
4957
9613
369
5672
3298
4097
2801
9717
6119
8577
1795
9435
5418
6961
612
8356
7180
2819
6367
15
7366
2482
3560
3627
4696
4675
341
8671
6888
6874
6771
3011
8193
8610
991
2753
4447
3221
9336
8403
992
3160
3917
342
3225
3759
1699
4841
9773
7394
2101
7841
234
5890
7501
5404
5553
7022
8633
3383
8225
473
7080
6129
6976
7139
1428
4365
4542
1517
6145
367
919
3501
171
1440
8167
3342
2798
2813
1737
2629
851
2875
7626
1790
1407
4137
7697
2695
1358
2710
1303
9942
5715
9806
7357
3493
3117
3795
1760
3975
2141
9906
1815
1534
2567
4158
6776
6787
1993
3648
2263
3941
453
9773
4670
9890
4479
7555
886
4326
6919
5329
2275
3725
1812
8286
747
5228
5311
2640
7588
5753
9848
4261
8038
9778
4236
4822
3507
8802
9342
7866
7505
7717
9463
8612
7801
1522
2180
1257
4336
9796
3135
8273
3446
7012
2201
390
1579
3084
1687
9250
6987
9468
2951
4461
8470
6759
1172
7116
5493
9968
8921
5724
8220
3588
3919
2618
1538
1071
8979
1130
4480
1494
3437
3162
9860
5633
4156
3329
5330
6984
4769
2013
5781
6099
747
9803
5743
2015
3901
8513
9811
3518
4493
3862
6295
827
8521
3832
9558
5387
1017
9084
6950
9617
9865
496
6491
1769
547
2878
8118
7979
4005
2464
2805
4311
133
3859
4480
6625
6609
7580
8580
5860
4687
9719
4278
7116
4147
5436
9462
3838
3383
8622
9487
3549
9622
2458
6980
6831
7799
4795
8668
1795
3937
914
9400
3307
5575
1648
6683
9834
1393
2057
6304
6715
3289
6173
2188
8041
3360
9194
9541
2891
2124
2640
6449
7734
561
2482
9287
1589
5300
5429
4008
8904
8913
1955
5383
7864
4817
1014
3508
7819
6411
5043
2469
1302
9807
3938
3065
651
7955
6487
6692
2977
3920
230
8867
2666
4714
4540
8670
8430
311
3624
6435
1197
8841
2519
4246
2775
5993
1264
5166
5199
1123
1050
139
7396
640
4570
5187
9160
3828
8512
6954
9150
1029
3557
9257
7587
9127
1921
4036
3642
106
5814
988
1754
1816
4358
8043
1736
1415
5505
9148
6748
3319
3711
1050
7044
3879
2919
4460
9213
2912
3593
1961
7308
4308
8612
3747
6198
6040
5112
3337
4958
8276
4303
3521
9430
1131
1890
5118
8025
2247
8666
2877
477
8840
3070
4081
3220
7530
1554
4486
9108
4188
8205
7952
4702
8526
5168
5665
9634
9002
4139
8766
7125
2337
6342
6154
1270
2935
8564
6175
3733
4039
7405
2934
3649
845
3118
4681
8914
7914
5093
8650
4552
2814
2146
3790
7487
5262
1621
1493
6064
8002
9179
7082
3424
5790
7887
3946
4908
9042
4410
6523
1375
7827
6510
6341
7351
8378
4956
8812
2600
2537
544
7440
8636
8765
9
8608
2116
5172
9514
7905
2688
1928
5999
1754
3363
2657
9218
1933
1629
7473
9030
1481
2263
130
1046
7366
6409
101
3771
7887
1369
6133
4248
9590
5628
7602
2373
5562
1644
2404
7173
1264
7640
9118
2111
2036
3814
1900
7911
3623
8503
8169
1450
5235
8144
3020
831
9005
8558
5124
8691
4829
8138
7998
9179
1621
864
7821
1579
2917
5284
5080
8205
6724
3279
2862
3276
3784
8638
6797
8938
1763
5031
13
5640
3046
6081
2844
6274
1630
624
6642
6904
6371
5392
8654
1971
8390
8060
2247
1940
9751
5581
7779
3504
6637
7382
7732
6078
1158
2878
2678
9826
2295
2262
9789
2730
1503
915
5112
5273
127
8428
7719
6034
5578
5703
3372
5756
5486
3085
4731
8922
1624
9752
2541
2654
527
1080
106
6713
3968
2419
8820
3604
2857
8628
7582
47
2174
9843
4435
1438
5009
9321
7018
2889
4497
9449
9135
8880
8076
3626
5067
4949
1968
5117
2278
4441
5249
8002
50
993
7788
2605
1475
7518
1596
285
8604
9072
3724
3886
8262
1150
4
2538
9763
8343
7489
5511
861
7626
5522
6320
1159
1041
2431
6899
2108
9107
4457
9975
3053
440
3452
3497
7725
486
9323
5229
8240
9074
280
2085
9247
2625
274
1640
4461
7020
3460
6951
6095
9161
9751
758
9320
9410
6689
3224
7432
6691
6668
4146
8645
8304
7753
7502
967
2521
1807
7835
1628
7755
9763
5256
9452
4781
2033
995
5977
3169
6266
149
7315
9658
6850
6331
3148
1078
7977
1193
9980
6357
9113
2498
7022
468
2586
2110
417
2269
2920
3838
2799
1319
1912
4803
9121
2676
6476
2252
9843
4873
3891
5181
4880
6472
3750
4826
8762
5122
5614
7560
1702
5373
3068
1238
1100
171
2050
3328
5585
4101
336
1547
1759
3104
7035
5448
5534
8489
5470
4477
2503
6465
2908
1075
8975
1929
3517
6554
7528
4155
1777
4803
6442
7339
3363
1010
7309
8918
1336
9192
6709
80
6813
8511
3945
7660
7240
6354
351
7522
5839
1712
4345
5310
8575
3702
8384
3148
329
6929
830
5534
6656
6714
432
8124
2384
4387
5108
3310
1538
4748
6957
3440
6763
4348
155
282
9669
6246
2878
9491
5160
9805
7421
1410
5200
8492
338
7609
6160
9191
3991
1451
5624
4485
9122
6070
6874
4108
9328
8756
8376
2402
5539
1166
4458
9896
9773
3619
9733
6554
5294
6005
8511
7310
2233
2863
210
2559
7596
9478
3388
8221
3677
9546
6592
488
6092
9810
4700
4594
1341
6594
5241
5671
5792
9221
7559
5570
6535
3898
5935
9341
3618
7354
1798
4411
4306
5722
3339
3236
2244
9118
6265
4632
3311
3405
8185
8600
7988
276
4064
5086
7995
4218
2928
6652
5540
1260
3257
8699
9900
5182
7561
7333
7439
3687
4258
8310
6920
4830
3847
2549
7016
1801
6471
7362
2682
2184
7788
7944
3114
9693
3468
7193
7758
4082
329
6578
4562
9653
9566
3161
6413
9018
2888
7563
4537
2349
7055
2370
3395
8488
8507
9731
3630
3274
1066
7953
8679
9259
1371
9214
6050
4880
9677
9620
1064
8274
5918
3352
1962
9979
9758
1817
6901
8654
7002
9511
3179
6558
7916
5391
3145
443
725
6377
7739
9284
7152
9426
151
9517
2054
2915
4313
4674
2414
4751
1499
4319
931
7585
6507
9620
1155
4945
5287
2545
1302
2998
5574
4721
3685
5924
4243
6473
8396
7557
1618
6627
4623
3860
1304
8285
2044
5764
6987
9124
903
7680
9002
4507
7345
7076
7231
5684
8179
5641
3639
56
9012
5616
7846
8344
5217
6693
7629
5642
3444
8728
103
4758
3960
8272
6465
4874
8
3346
4685
6447
7139
514
2470
1115
3627
7277
5840
2421
7743
35
2752
543
2167
6605
8188
1332
8917
5592
3510
203
8172
5463
4466
1309
9012
2272
1693
63
4818
7399
5085
3434
5981
2142
5118
7440
2806
8255
1242
5657
1308
2213
1075
979
3969
3976
6200
5315
5754
5034
1994
1949
5913
9437
1031
793
5116
7273
7580
9791
3362
2817
2582
7938
6246
5613
3169
949
6648
2295
4964
4541
2646
2978
9902
9937
6064
7194
5671
7762
7396
4627
5176
5373
3581
1433
9082
9294
6905
4031
5252
4257
7654
951
4977
5166
5129
3786
6080
6612
1008
1355
2194
671
8807
4422
202
9570
6194
8370
3119
9649
9270
9429
2880
4093
851
8481
4002
1688
6494
3065
3805
3494
6096
3279
7933
9927
9378
333
2424
3562
4772
9190
4257
7564
6966
8065
3720
8892
5234
2880
2652
791
5568
5156
2863
1756
5553
2876
7652
9286
3868
4604
258
4243
6202
9492
8416
4330
3601
8848
1222
3852
5848
446
6789
5754
1134
5354
3686
32
8988
286
1692
2932
2506
7860
3572
2096
1728
2150
5059
1326
395
2432
7503
5060
6227
8819
4805
7379
8291
7556
5010
7668
4842
252
1549
947
2033
1870
869
4716
6288
8387
1926
1797
6653
4799
7678
1068
1212
2842
9751
4246
8909
9740
7420
1199
9862
4765
183
4784
2941
3788
2412
6135
3596
8136
552
5929
6652
1901
2160
1074
8746
5552
117
6193
6004
7421
2122
4452
8755
4298
9168
7237
6638
9541
7431
361
3731
2330
8556
2909
6871
4325
9571
6750
2967
4676
9895
7374
8534
568
3587
5089
6476
6434
1015
7985
9086
9743
8558
2721
5248
9854
1501
7502
8766
2749
7499
4499
4522
5291
9250
3375
9207
6100
2745
366
9598
3069
5150
7249
3987
3523
1071
7833
3321
2709
480
919
6936
5337
4720
39
563
1195
8509
2033
7859
3400
6617
2439
6358
2668
7636
5383
1022
8352
1520
8028
1311
4822
851
6466
1043
2070
248
545
4897
5291
5492
5808
3465
5402
9905
3155
1996
5160
9650
1490
3078
4980
7507
9221
7226
1255
4678
2870
4766
1394
7126
1746
133
2982
6469
7931
1665
9448
8343
5082
4768
1396
8425
1590
1159
9092
8995
4480
8963
1969
9660
3652
3999
2409
9828
6142
4857
8178
775
6312
6365
7515
6914
2024
5077
5503
8402
3657
8253
9832
1817
1034
2648
6972
3699
3009
422
6159
73
9399
5706
1985
6011
1063
9906
2807
5366
3591
7997
8904
3742
9257
3990
2010
1087
1413
8805
2019
7483
5362
1031
7737
6019
8341
7689
7936
2847
8629
4022
3598
8021
3918
9557
4575
3061
5309
9592
4382
1012
443
4284
9907
8250
6857
776
2364
460
1861
6322
4310
7561
194
199
9301
1582
3206
3688
3275
9060
437
3143
4999
1890
4598
9650
5245
592
6687
1950
5413
3066
6640
7966
3096
5611
5271
2899
8197
869
2080
3367
4019
5189
5565
8835
1304
2211
1833
1205
2705
241
4533
5843
411
6912
3085
3527
1411
2986
9010
6537
4355
9961
538
9232
1139
3404
8381
4738
3393
7027
4702
3911
8491
4585
8836
7838
1972
7803
6513
2598
3695
6964
2365
8759
2906
5246
4181
6257
5440
6244
6571
247
2042
5270
2904
5960
3866
848
8015
5210
4346
5237
8629
9999
1096
7027
2945
2084
7852
2028
9575
4565
5514
8905
7092
1733
7845
5728
6816
4999
5404
2464
3247
8259
1710
6840
9801
8951
6043
2444
5125
2258
439
2337
7114
351
5939
3338
7152
5590
1343
2585
776
9209
8683
4477
3771
4994
9818
7286
1725
9478
4385
5043
51
4349
1379
857
8048
5324
6859
5830
5343
4674
4065
2532
7725
4399
1393
8024
9087
7997
1978
4407
3601
3566
1342
8976
5673
5136
5028
8697
6248
1063
8046
5265
7152
9703
5245
687
2268
2920
4748
4627
8267
2451
6353
5166
4085
5143
7255
4679
134
5732
1651
5162
1935
736
5474
2429
3771
1538
3979
5250
3118
3031
6091
7676
1417
1256
158
8592
9297
7032
7960
8078
4574
7634
7414
643
8956
9520
8121
2163
9558
6786
8066
3145
2742
144
6773
4016
5853
2101
2740
862
1450
3807
3002
4424
8720
3631
3021
4597
6528
3949
1925
5430
2781
2424
3290
6349
9710
8356
7785
2589
1413
2918
9602
1925
7497
5956
6446
2072
9069
4791
5573
9502
4752
484
805
9226
3206
8561
4399
729
922
3879
8664
7108
3137
3872
5959
2062
9938
1808
3242
9613
668
3647
8159
7558
1326
5408
2732
893
6005
8442
9492
3955
4302
6928
1876
9234
1959
6241
526
1775
1272
9991
9423
7747
2951
4341
7535
5040
9520
459
1075
3309
3722
7462
8136
3995
3719
4365
1266
2567
2914
6553
6939
9604
491
3465
17
8653
3464
5859
5106
601
2882
8250
6222
4238
4696
1211
6735
8243
6725
7205
9469
7005
250
2898
3652
5314
5179
4918
2298
9975
3498
3527
8360
4171
6009
7979
5318
539
7271
8610
4139
5984
9022
9470
6063
5188
4041
1775
405
1404
5002
5861
2760
5817
9763
6207
8601
2427
7226
5267
4833
7073
2715
2879
7204
2170
6700
6973
925
7682
356
9145
5402
1206
6529
4663
9043
8252
9346
8238
787
2925
6470
6523
9953
1676
1919
8939
4052
3879
4247
3339
3485
8
8473
9000
4074
8092
9740
6248
241
7266
267
644
2026
9356
3
4304
7349
9229
6747
7956
5023
9901
270
9165
487
5501
9468
2607
1683
6236
4926
8959
6636
7026
4330
9638
8638
2150
1697
6624
6622
971
4413
2774
4994
2199
7133
5426
5767
3961
3333
3296
1295
9559
5357
6472
7706
9441
8618
9253
7149
2770
7843
5711
9092
221
2636
7988
4781
1684
8083
10
6867
1198
9515
1835
3062
3299
5838
4552
6908
7527
8416
6229
8383
5356
5197
9472
8093
9619
8218
82
1430
9931
4795
4261
7137
5932
5132
6174
679
4376
404
3002
975
2305
2996
9945
7016
6784
2423
7506
3743
7790
5989
3096
5574
6278
547
1831
4017
8516
1375
9841
4659
9463
4057
4146
5111
8918
8303
9015
2475
4292
200
5651
782
4705
8966
7259
511
5543
1513
4144
958
8905
8829
246
269
5390
2547
1373
9991
3304
8868
3075
4847
3673
5333
3638
5515
4620
1730
6464
8803
4625
9888
4093
6042
2238
9130
7528
7601
4877
3662
5993
9532
6787
9214
2283
1821
3919
6175
4405
3217
3778
4902
9274
2488
2695
2862
169
857
8922
845
1206
4103
3144
7975
9745
2318
2412
8263
8432
5508
6623
7494
7268
7021
1053
2260
59
9010
8887
3557
3718
8529
2857
1102
6062
5386
1722
3556
5143
718
1884
1778
7803
9436
2709
813
9977
1682
6081
7104
4126
5228
7837
5679
6444
3206
6155
8798
2503
1616
386
5452
6981
712
4128
6096
5991
8644
7242
7771
7497
6192
3523
9784
9260
3327
5541
7142
5326
1456
5364
5610
1157
5334
8194
9004
7100
1505
6804
2691
9200
3521
8357
7763
8597
5239
3484
3007
2325
5832
8766
8921
8548
6364
5950
3595
623
5042
9598
7390
7134
849
9548
9008
7061
1355
3004
6236
1431
9946
4905
764
7489
8658
4723
773
9653
6098
2602
7755
8263
1031
5789
8639
4218
6648
1275
2556
9902
8764
2915
4246
5909
2684
8680
5637
7920
57
7833
9433
5993
4787
2389
9462
77
925
3980
8329
7750
8522
5610
4186
7697
1010
719
2707
5544
3118
6327
6561
4054
704
2610
1190
2028
9565
6698
3542
1050
363
8378
5261
4917
8278
873
2326
6173
8110
8640
9766
3787
8947
8663
4840
6024
2237
1362
850
6698
120
7303
892
7399
1454
3954
3475
2676
7836
1619
4668
6823
1559
1407
4895
7607
5266
2908
3604
8881
4232
6359
5859
2007
5792
1124
9588
5405
7993
1734
4720
304
8684
7035
9650
6669
8800
8229
5201
8605
6048
71
8753
2559
3936
496
9891
1391
3946
7677
5874
2960
67
8890
2208
4332
9381
807
6512
2644
173
5598
2509
6170
894
6658
7510
9558
251
7510
7572
4522
5352
6386
1780
914
5021
7041
5934
6065
4021
3
7023
9758
7248
8959
145
4887
8863
3315
9564
1171
7294
3725
5125
7604
6446
9457
6178
1229
6224
1322
8324
247
4870
5423
9952
920
1661
6243
9301
3457
3545
1659
637
184
158
7439
124
8719
9466
416
7769
5371
9481
4836
7044
5023
2866
2548
9236
674
8053
6025
3424
4006
720
8483
3603
7221
8647
5598
9781
854
6310
2626
7854
4705
834
2769
4125
6579
5023
516
31
222
6685
4468
2905
4609
4427
7303
7503
1882
7802
2974
6808
9139
1765
6659
3868
9277
6967
3867
1099
7988
3531
5055
7681
3839
5281
1513
9856
8543
9128
5277
8175
5162
1537
2404
9321
9562
2719
5889
3522
4137
8360
5831
8675
4736
8131
4701
4720
3342
6776
2634
6331
1039
2091
421
4868
3866
4362
2695
4572
9200
6352
1000
2805
228
3365
2168
3038
7058
8667
7177
9416
4237
4234
7332
4842
9064
9504
2766
6764
7176
1651
563
4606
7108
6384
7678
6123
8204
7777
7099
2326
3703
7844
2142
4991
3548
2838
8234
4468
7337
4107
6253
1187
961
6875
7521
5522
2912
8879
6869
3143
2037
7393
8678
7061
3023
181
5051
1311
8705
5971
8101
5331
573
6080
3055
8012
4540
2263
589
8638
2316
2776
3723
8002
9393
4906
2622
1002
4250
3094
6739
694
9241
7414
2122
9320
7126
3384
908
258
4648
8701
9935
9236
5463
1234
6966
4878
1874
5907
3908
9603
7064
9432
2092
7433
3693
9149
3418
8053
4225
9765
2
4202
2759
6581
9993
3210
1534
4762
1440
6571
5925
3340
9660
513
6112
8358
2168
6918
8626
2112
2074
7587
3284
8435
9159
1889
1966
710
4881
8807
7138
4716
286
7293
5127
8542
7778
3530
2272
806
8746
4856
3162
7556
6046
981
9234
1045
9237
9480
465
6288
9837
3006
3650
7745
2386
878
4894
6076
7077
5168
5199
9303
3747
6243
9965
7540
2480
2369
1826
3822
8840
6432
1821
8089
2993
1978
3615
7831
8234
3091
5441
3621
2365
9145
8181
5757
1206
5551
3324
1402
5844
5109
3356
7787
4720
8110
5846
6300
2701
7173
4760
1977
7920
2128
3199
326
3919
8474
2944
5602
8489
2647
4310
6049
1816
1652
4895
7147
1307
5514
6141
942
6537
9981
3499
5659
6453
7486
9205
3658
3205
110
427
2042
5364
2099
9663
3079
8086
6967
2027
3615
5302
5343
7208
972
1849
9251
1423
99
328
30
9687
4737
6214
7970
3064
8566
9212
5324
6861
2135
6725
4109
7609
5940
7762
8921
4240
2281
7181
4059
4862
4567
8081
1621
4141
5776
8221
7482
1153
3506
8245
117
1998
5226
4038
2482
2638
6618
1714
6501
3384
6928
4699
6763
1093
1235
563
6890
7612
371
6716
3070
7087
9485
8219
8665
9794
9755
8547
6924
4099
6627
4406
7741
1027
1260
7781
44
2321
1503
2012
9938
3523
1345
4998
848
8461
3839
622
153
2526
1572
1033
5495
6687
3786
2430
1850
3130
2380
5545
2157
673
1352
6362
2776
427
4399
9943
3481
2485
6749
8115
7111
3357
9148
1249
1697
4011
8921
3785
6698
6917
2976
1030
2227
9334
4273
4494
9075
4809
4630
7179
7749
4374
2549
9439
498
8449
5196
9339
7878
4077
8525
6873
2068
4692
5853
5195
6501
5477
7081
1731
2889
2011
2784
3006
4691
6483
6668
3420
5436
1267
2958
9389
9869
9120
8547
326
7517
1463
4117
485
79
2983
6655
1378
9392
7442
5995
9606
1709
587
4539
4210
3574
2341
1929
5660
9243
7466
2039
2963
7989
3604
1021
7930
2458
208
193
1103
5633
9804
6911
54
6336
779
9021
9188
9274
2755
2541
4557
6804
5346
5150
906
7678
697
9447
2137
2817
5826
5939
3159
5439
4364
9794
4477
3678
5718
230
1033
61
4906
9937
2661
3343
9792
7229
7861
769
7430
5327
2606
8169
5104
8359
708
7279
7270
3057
5804
8030
9373
1676
1506
6583
7518
6706
7457
8703
7150
7318
3051
2871
9449
6122
737
270
4820
7045
3297
2568
8740
8157
2981
7674
2224
2470
9398
7992
3533
5393
344
4819
231
9320
3854
4920
9108
7168
4107
4628
8495
4348
8581
4005
6350
1293
8885
321
5323
8487
3862
566
4889
1082
1278
6033
1446
6881
2105
6845
516
2807
1073
3680
9101
4185
35
8708
5906
4798
1830
9020
8144
5588
9534
1903
3043
8509
9203
4587
9205
3088
1103
5337
2743
5626
6329
6924
808
1582
4271
203
2527
9592
1794
9579
4710
7448
9184
5227
9871
5634
4120
8365
2315
8342
4087
7380
6953
7228
5984
9118
7555
952
4763
4822
6992
7695
393
5701
1305
9328
4201
1406
734
2632
8252
5980
65
8356
2760
7474
3072
8042
3234
8688
7313
7600
346
3803
7646
4628
362
9609
2756
7710
440
8763
5517
912
1327
8301
7750
3365
6651
1623
9485
8896
2591
1767
3482
1932
3133
4103
8632
1993
5543
7492
898
4939
5645
6153
5628
3102
6681
1366
7873
8766
8821
3529
8068
7515
4279
2851
7009
9233
5274
3802
3291
1758
5009
8037
1449
7817
1862
4012
7257
5799
5227
4436
2210
9540
8190
7053
2116
9441
3095
4286
4867
6081
1144
4467
6510
3407
3884
5436
8574
4726
9698
6865
6386
6067
4087
2267
3976
3878
5237
8880
1944
1441
3757
2282
5987
8743
5009
3284
7046
6129
2792
1143
5729
8534
2558
2916
574
7851
1392
1993
1140
7462
76
5070
3422
4564
3527
3124
7274
4488
6426
528
2359
5145
6799
6695
2032
9420
928
3977
1167
2418
3074
2131
5544
5147
258
3020
3155
7311
2904
6556
1607
4274
8327
3550
6392
4701
3618
6772
4976
3016
4474
7543
4471
5883
3892
6660
2576
9294
3976
7931
6760
7557
2541
8116
8777
3556
7520
3318
8611
4231
5163
1186
4164
7769
6451
2273
3177
8807
8430
656
4730
4143
3791
7849
2730
9698
5146
122
6651
7862
1552
9199
7015
2245
7268
1066
4695
9393
5585
3714
251
893
8841
705
7692
8546
7713
8987
1619
4287
6425
4023
4920
9671
9664
8000
2921
8515
3956
1751
8139
7371
378
4881
7789
1496
7224
1326
7124
5097
3153
4514
1224
3561
9206
1160
2757
1762
3292
8229
1348
2690
7347
5251
6823
7281
1602
3626
7979
1139
943
7802
7877
2576
3038
9509
6636
1883
2662
7576
2638
203
5958
591
3656
3731
925
3377
8031
6204
4188
9621
369
6046
8797
5177
2986
8705
3104
2337
8276
1189
7855
3056
3650
5332
2104
4140
9773
4932
1455
7373
5946
6364
636
1852
5078
2317
7818
8020
9864
5196
5073
2592
2422
8159
620
7142
8461
5028
8505
8686
3059
1805
9856
1406
1840
2273
8581
3602
5360
886
9056
297
3103
7181
5003
4257
9135
3372
9534
6278
3767
6616
6664
2561
1793
9998
667
7331
389
2204
5303
6531
3600
7142
454
5838
9304
34
5920
784
7244
6510
2872
2217
6572
896
8953
1158
9758
9415
4386
6827
7317
7017
2434
4567
1196
4716
6802
7073
2744
7456
5827
9605
4051
9651
2815
2238
5770
7980
8092
2070
5487
6799
1340
7730
4536
1350
4343
4337
3622
9485
1418
2925
9530
282
6055
8123
5991
3137
2300
878
6153
1000
5243
8206
9188
1886
4218
1952
6308
4654
5628
8912
5157
3705
3842
983
6925
4558
2063
2081
949
4032
894
3743
6924
3788
9589
163
6763
8345
8080
2819
734
1796
3733
5799
9562
5416
1751
3027
7723
8376
1228
1828
2506
8742
1717
876
7494
3137
5450
5470
1272
5023
6763
9465
1494
4671
5700
9921
4027
8114
6002
9187
8479
5257
5198
6072
3514
616
2124
6613
2768
9469
9776
9687
1667
7903
1506
4760
7725
4816
3355
5272
8124
2108
9231
9229
1435
760
4257
2169
3286
2051
7519
2071
273
6032
9191
4354
44
4981
2715
1925
8880
5434
4481
5977
1937
7543
9995
9212
4341
1106
7284
2913
5799
1357
3
5865
4149
6946
2387
4654
7462
4515
2234
3693
5890
750
9162
3452
8952
6369
5729
7346
9085
7103
8881
1902
5544
2177
998
7111
6016
693
1331
5162
2853
8869
3195
3810
9721
7317
9755
1240
5670
4365
7493
4710
647
7273
795
7905
672
8902
6421
5684
5306
2077
1091
168
1376
3450
695
9063
1653
3617
4402
7654
3062
7102
4692
5402
7094
2912
4465
4215
1369
7148
203
483
5684
2377
519
8480
298
6295
1255
7355
2816
7201
1763
3448
497
4660
2271
4581
8195
5786
1190
450
9356
5309
751
1154
7810
2908
2880
2438
4342
6486
1287
6535
1030
7980
8287
8970
3590
2194
4644
1627
2002
9928
6738
9513
8592
6305
2052
385
8798
7034
3299
4912
5866
336
4424
1709
9438
925
9188
9891
6826
5610
9882
5623
6927
2820
383
607
4360
394
4057
9034
4272
2051
445
3096
4614
5134
7621
7396
9769
8554
5254
5931
244
9865
7581
7115
2040
3116
1848
9038
1627
8515
6888
1037
7385
2464
4569
5014
2552
736
3823
9025
6645
176
3478
5111
8965
2030
3914
4558
9090
7545
3881
56
57
9583
3742
7679
413
7848
9923
3984
1240
8987
7484
7174
5661
4913
5196
181
9135
3202
6812
5576
4454
6011
120
6053
3254
4317
4938
9940
4855
8505
4786
8395
8089
5257
4643
4442
1098
5374
189
5649
2327
6833
5445
1582
7090
3470
1914
2377
5729
3142
1698
6573
9062
5207
7889
7609
8004
9509
5145
5424
8318
2469
8448
1248
8954
690
3403
5815
4312
3901
7998
8107
5500
732
7898
3826
701
3568
4801
9496
6417
7885
5788
7993
2598
3436
9228
8175
1755
386
2035
2577
6591
466
1301
4795
8533
4217
9340
4327
9439
4401
6699
9795
6678
2540
8198
2971
7600
975
9374
6762
7886
3374
597
2597
8752
752
1911
6411
8948
3656
7216
4561
964
1935
1219
5586
2532
4197
7190
2889
8759
2673
8588
1587
3319
4806
7134
7247
8893
5909
2263
5075
4786
950
3763
4529
1598
5628
7610
6059
3838
1857
5591
7759
9292
9886
9235
3034
8137
2798
6279
1248
663
6102
3620
6205
9478
335
9839
5200
4283
8918
2709
1683
7136
1343
9070
1468
5536
8149
7787
9877
255
8997
9025
4818
3083
7098
4798
5745
8256
5509
5704
819
1358
6006
163
2856
1071
8728
1823
5102
4419
5319
3971
8104
2894
1157
2291
7165
5571
1830
5696
1954
859
3052
8771
2923
9635
111
651
1418
1750
3776
7115
9233
721
2075
9162
9213
1991
3118
5738
6120
1637
4130
3134
7055
2924
9187
6905
8485
9774
8636
8310
6584
5076
6175
2556
4104
6895
8470
6352
7807
4587
3029
5253
1676
5560
2220
3578
1474
2137
1173
3056
9902
6912
121
857
4954
3120
8192
1755
8631
3145
3253
5096
3569
6424
812
2892
8287
1298
8134
4481
3214
7978
6346
7395
2522
2789
4318
2837
3215
3172
3936
103
1363
3647
7530
5634
8563
5797
9720
9905
6164
7400
9180
4454
3408
8892
9547
319
1501
2289
1595
8532
5171
2
4170
2324
7191
7514
1642
555
6565
2780
5459
7314
7373
3508
7872
7885
4272
2681
6997
170
6258
7368
132
5523
6147
789
2439
5913
2714
5800
6847
5168
6786
8224
8433
5996
4897
2012
8848
8635
1424
3526
4361
1602
907
4508
2924
9658
5612
870
4050
5191
6897
4072
1355
7204
8995
4778
205
6950
1027
6606
3092
8051
9663
7281
8288
1751
7198
4295
9636
121
7737
6231
7789
6276
648
531
8291
1740
6168
8502
6468
5925
1279
5842
7932
9390
5320
3965
9265
904
8573
3325
5367
9272
8533
3830
8794
4261
7387
2005
5138
7938
3263
9677
3634
2633
7831
6722
7203
4722
8359
2833
7372
5234
5532
726
5696
9155
2664
8483
6970
1266
7770
8023
1883
6554
2235
4418
7938
748
47
5412
924
3866
9620
2911
3206
5458
2142
4989
5538
9663
6732
3396
985
3387
4476
49
2905
4019
6739
4431
973
5618
6643
9245
3311
9991
7096
6255
7851
869
9188
4650
768
924
4872
9351
8916
5813
259
3468
1171
6335
6295
2159
6640
7735
1167
9981
1186
4591
4926
2011
6161
1584
5706
1739
5533
107
2286
2484
5516
9226
6145
8386
6405
2801
1553
1560
237
7703
2631
3945
7583
6927
8312
9429
1011
3441
5998
3903
3700
3367
1834
5774
7742
7552
3039
5907
3461
3492
6985
1972
2657
7045
7915
8365
8328
1269
7102
5797
599
4716
8345
4262
4773
9314
5081
8806
3723
1303
4044
5146
7078
7679
4861
4604
1502
1132
5970
6857
1607
760
2219
2909
1467
5978
4617
4656
7384
1253
3086
6331
57
6437
1870
7876
8660
6073
5291
68
6855
9715
6397
6986
1507
7087
5999
2445
8242
3001
421
9399
7307
1844
7551
6675
1358
9668
288
8953
5188
8314
5971
6533
5792
2551
8911
4825
219
1575
6216
8222
2541
7632
8416
7661
9763
8246
4446
4634
4882
7424
4260
7025
6642
6277
7052
2848
9750
7636
2602
6851
7036
1552
7537
7949
5777
6884
8264
1107
2121
6490
7715
8257
2605
714
7521
5003
5484
3495
7479
4961
8742
3643
4131
1898
4351
2413
9779
1258
8510
6006
8707
8956
3028
9067
4631
7281
4611
6906
1607
503
9212
9330
6963
5784
892
3518
3153
6982
6484
8934
9485
2800
360
3058
3081
3347
5856
2563
6356
7753
8289
8456
9052
1814
2359
3762
5398
5276
9220
7733
6684
3034
3877
4398
5766
9177
2842
3492
4522
1278
7052
4665
2858
5392
7648
2092
2893
4942
7483
9675
9661
7804
1722
679
3583
920
4063
9253
3233
9272
7250
7266
3486
2377
7486
8303
6064
4154
4642
848
9653
4246
3489
706
657
2681
7945
7013
4808
9381
7797
6994
4888
1198
9322
5598
3324
678
8739
8799
5110
2035
4236
5786
1437
9290
8479
4333
5436
3379
7769
5019
7889
1884
6199
795
3315
5338
554
6573
909
2411
7313
8703
7349
293
4439
3276
8664
3252
2113
4680
192
2235
5870
8037
4809
6633
2852
5764
2924
6019
7574
8883
6817
844
8975
8621
1181
9399
6604
3707
8204
391
7304
9784
5305
9274
7750
8965
539
6427
6358
8259
921
427
5744
1586
409
7754
1106
7146
6196
4224
3430
7079
1792
2359
4647
9896
575
2513
4148
6591
4343
7978
9340
9323
9429
851
9282
28
4167
4924
7834
1375
1896
5953
1191
9585
3858
4218
2052
6436
6922
7483
